# https://refractiveindex.info/?shelf=glass&book=SCHOTT-multipurpose&page=ZERODUR
365.0   1.566839262817266
384.6   1.5625417812217721
404.2   1.558998873390959
423.8   1.5560245818158291
443.4   1.553491765545688
463.0   1.551309440889645
482.6   1.5494102640577019
502.2   1.547743076260707
521.8   1.546268200456716
541.4   1.544954337332914
561.0   1.5437764417788769
580.6   1.542714227063923
600.2   1.5417510853760739
619.8   1.540873292804585
639.4   1.54006941353491
659.0   1.5393298465553351
678.6   1.53864647619846
698.2   1.538012399557895
717.8   1.537421711629632
737.4   1.536869334346361
757.0   1.536350879365974
776.6   1.5358625370834371
796.2   1.535400986205391
